image_width: 1440
image_height: 1080
camera_name: left_camera
camera_matrix:
  rows: 3
  cols: 3
  data: [1811.67023, 0.00000, 721.53950, 0.00000, 1810.49028, 538.38388, 0.00000, 0.00000, 1.00000 ]
         
distortion_model: plumb_bob
distortion_coefficients:
  rows: 1
  cols: 5
  data: [-0.054732081, 0.083845654, 0.000000000, 0.000000000, 0.000000000 ]

rectification_matrix:
  rows: 3
  cols: 3
  data: [1.000000, 0.000000, 0.000000, 0.000000, 1.000000, 0.000000, 0.000000, 0.000000, 1.000000]
projection_matrix:
  rows: 3
  cols: 4
  data: [1802.623885223697, 0, 740.8103225685903, 0.000000,
          0, 1805.875566279660, 516.9086314702852, 0.000000,
         0.000000, 0.000000, 1.000000, 0.000000]

