image_width: 1440
image_height: 1080
camera_name: right_camera
camera_matrix:
  rows: 3
  cols: 3
  data: [1801.32580, 0.00000, 730.72121, 0.00000, 1801.42202, 542.20307, 0.00000, 0.00000, 1.00000 ]
         
distortion_model: plumb_bob
distortion_coefficients:
  rows: 1
  cols: 5
  data: [-0.083506121, 0.232984392, 0.000000000, 0.000000000, 0.000000000 ]


rectification_matrix:
  rows: 3
  cols: 3
  data: [1.000000, 0.000000, 0.000000, 0.000000, 1.000000, 0.000000, 0.000000, 0.000000, 1.000000]
projection_matrix:
  rows: 3
  cols: 4
  data: [1835.650917896236,0,740.8913624410840, 0.00000,
         0,1835.22898999789,491.9560087174357, 0.000000,
         0.000000, 0.000000, 1.000000, 0.000000]

