image_width: 1440
image_height: 1080
camera_name: narrow_stereo
camera_matrix:
  rows: 3
  cols: 3
  data: [1802.623885223697, 0, 740.8103225685903,
          0, 1805.875566279660, 516.9086314702852,
          0, 0, 1]
         
distortion_model: plumb_bob
distortion_coefficients:
  rows: 1
  cols: 5
  data: [-0.072773712631528, 0.128979346338416, 0, 0, 0]

rectification_matrix:
  rows: 3
  cols: 3
  data: [1.000000, 0.000000, 0.000000, 0.000000, 1.000000, 0.000000, 0.000000, 0.000000, 1.000000]
projection_matrix:
  rows: 3
  cols: 4
  data: [1802.623885223697, 0, 740.8103225685903, 0.000000,
          0, 1805.875566279660, 516.9086314702852, 0.000000,
         0.000000, 0.000000, 1.000000, 0.000000]

